25380209649379226024419650074902449696200324068147129710905951056690772180993
25380209649379226024419650074902449696200324068147129710905951057790283808769
25380209649379226024419650074902449696200324068147129710905951058889795436545
25380209649379226024419650074902449696200324068147129710905951059989307064321
25380209649379226024419650074902449696200324068147129710905951061088818692097
25380209649379226024419650074902449696200324068147129710905951062188330319873
25380209649379226024419650074902449696200324068147129710905951063287841947649
25380209649379226024419650074902449696200324068147129710905951064387353575425
25380209649379226024419650074902449696200324068147129710905951065486865203201
25380209649379226024419650074902449696200324068147129710905951066586376830977
25380209649379226024419650074902449696200324068147129710905951067685888458753
25380209649379226024419650074902449696200324068147129710905951068785400086529
25380209649379226024419650074902449696200324068147129710905951069884911714305
25380209649379226024419650074902449696200324068147129710905951070984423342081
25380209649379226024419650074902449696200324068147129710905951072083934969857
25380209649379226024419650074902449696200324068147129710905951073183446597633
25380209649379226024419650074902449696200324068147129710905951074282958225409
25380209649379226024419650074902449696200324068147129710905951075382469853185
25380209649379226024419650074902449696200324068147129710905951076481981480961
25380209649379226024419650074902449696200324068147129710905951077581493108737
25380209649379226024419650074902449696200324068147129710905951078681004736513
25380209649379226024419650074902449696200324068147129710905951079780516364289
25380209649379226024419650074902449696200324068147129710905951080880027992065
25380209649379226024419650074902449696200324068147129710905951081979539619841
25380209649379226024419650074902449696200324068147129710905951083079051247617
25380209649379226024419650074902449696200324068147129710905951084178562875393
25380209649379226024419650074902449696200324068147129710905951085278074503169
25380209649379226024419650074902449696200324068147129710905951086377586130945
25380209649379226024419650074902449696200324068147129710905951087477097758721
25380209649379226024419650074902449696200324068147129710905951088576609386497
25380209649379226024419650074902449696200324068147129710905951089676121014273
25380209649379226024419650074902449696200324068147129710905951090775632642049
25380209649379226024419650074902449696200324068147129710905951091875144269825
25380209649379226024419650074902449696200324068147129710905951092974655897601
25380209649379226024419650074902449696200324068147129710905951094074167525377
25380209649379226024419650074902449696200324068147129710905951095173679153153
25380209649379226024419650074902449696200324068147129710905951096273190780929
25380209649379226024419650074902449696200324068147129710905951097372702408705
25380209649379226024419650074902449696200324068147129710905951098472214036481
25380209649379226024419650074902449696200324068147129710905951099571725664257
25380209649379226024419650074902449696200324068147129710905951100671237292033
25380209649379226024419650074902449696200324068147129710905951101770748919809
25380209649379226024419650074902449696200324068147129710905951102870260547585
25380209649379226024419650074902449696200324068147129710905951103969772175361
25380209649379226024419650074902449696200324068147129710905951105069283803137
25380209649379226024419650074902449696200324068147129710905951106168795430913
25380209649379226024419650074902449696200324068147129710905951107268307058689
25380209649379226024419650074902449696200324068147129710905951108367818686465
25380209649379226024419650074902449696200324068147129710905951109467330314241
25380209649379226024419650074902449696200324068147129710905951110566841942017
25380209649379226024419650074902449696200324068147129710905951111666353569793
25380209649379226024419650074902449696200324068147129710905951112765865197569
25380209649379226024419650074902449696200324068147129710905951113865376825345
25380209649379226024419650074902449696200324068147129710905951114964888453121
25380209649379226024419650074902449696200324068147129710905951116064400080897
25380209649379226024419650074902449696200324068147129710905951117163911708673
25380209649379226024419650074902449696200324068147129710905951118263423336449
25380209649379226024419650074902449696200324068147129710905951119362934964225
25380209649379226024419650074902449696200324068147129710905951120462446592001
25380209649379226024419650074902449696200324068147129710905951121561958219777
25380209649379226024419650074902449696200324068147129710905951122661469847553
25380209649379226024419650074902449696200324068147129710905951123760981475329
25380209649379226024419650074902449696200324068147129710905951124860493103105
25380209649379226024419650074902449696200324068147129710905951125960004730881
25380209649379226024419650074902449696200324068147129710905951127059516358657
25380209649379226024419650074902449696200324068147129710905951128159027986433
25380209649379226024419650074902449696200324068147129710905951129258539614209
25380209649379226024419650074902449696200324068147129710905951130358051241985
25380209649379226024419650074902449696200324068147129710905951131457562869761
25380209649379226024419650074902449696200324068147129710905951132557074497537
25380209649379226024419650074902449696200324068147129710905951133656586125313
25380209649379226024419650074902449696200324068147129710905951134756097753089
25380209649379226024419650074902449696200324068147129710905951135855609380865
25380209649379226024419650074902449696200324068147129710905951136955121008641
25380209649379226024419650074902449696200324068147129710905951138054632636417
25380209649379226024419650074902449696200324068147129710905951139154144264193
25380209649379226024419650074902449696200324068147129710905951140253655891969
25380209649379226024419650074902449696200324068147129710905951141353167519745
25380209649379226024419650074902449696200324068147129710905951142452679147521
25380209649379226024419650074902449696200324068147129710905951143552190775297
25380209649379226024419650074902449696200324068147129710905951144651702403073
25380209649379226024419650074902449696200324068147129710905951145751214030849
25380209649379226024419650074902449696200324068147129710905951146850725658625
25380209649379226024419650074902449696200324068147129710905951147950237286401
25380209649379226024419650074902449696200324068147129710905951149049748914177
25380209649379226024419650074902449696200324068147129710905951150149260541953
25380209649379226024419650074902449696200324068147129710905951151248772169729
25380209649379226024419650074902449696200324068147129710905951152348283797505
25380209649379226024419650074902449696200324068147129710905951153447795425281
25380209649379226024419650074902449696200324068147129710905951154547307053057
25380209649379226024419650074902449696200324068147129710905951155646818680833
25380209649379226024419650074902449696200324068147129710905951156746330308609
25380209649379226024419650074902449696200324068147129710905951157845841936385
25380209649379226024419650074902449696200324068147129710905951158945353564161
25380209649379226024419650074902449696200324068147129710905951160044865191937
25380209649379226024419650074902449696200324068147129710905951161144376819713
25380209649379226024419650074902449696200324068147129710905951162243888447489
25380209649379226024419650074902449696200324068147129710905951163343400075265
25380209649379226024419650074902449696200324068147129710905951164442911703041
25380209649379226024419650074902449696200324068147129710905951165542423330817
25380209649379226024419650074902449696200324068147129710905951166641934958593
25380209649379226024419650074902449696200324068147129710905951167741446586369
25380209649379226024419650074902449696200324068147129710905951168840958214145
25380209649379226024419650074902449696200324068147129710905951169940469841921
25380209649379226024419650074902449696200324068147129710905951171039981469697
25380209649379226024419650074902449696200324068147129710905951172139493097473
25380209649379226024419650074902449696200324068147129710905951173239004725249
25380209649379226024419650074902449696200324068147129710905951174338516353025
25380209649379226024419650074902449696200324068147129710905951175438027980801
25380209649379226024419650074902449696200324068147129710905951176537539608577
25380209649379226024419650074902449696200324068147129710905951177637051236353
25380209649379226024419650074902449696200324068147129710905951178736562864129
25380209649379226024419650074902449696200324068147129710905951179836074491905
25380209649379226024419650074902449696200324068147129710905951180935586119681
25380209649379226024419650074902449696200324068147129710905951182035097747457
25380209649379226024419650074902449696200324068147129710905951183134609375233
25380209649379226024419650074902449696200324068147129710905951184234121003009
25380209649379226024419650074902449696200324068147129710905951185333632630785
25380209649379226024419650074902449696200324068147129710905951186433144258561
25380209649379226024419650074902449696200324068147129710905951187532655886337
25380209649379226024419650074902449696200324068147129710905951188632167514113
25380209649379226024419650074902449696200324068147129710905951189731679141889
25380209649379226024419650074902449696200324068147129710905951190831190769665
25380209649379226024419650074902449696200324068147129710905951191930702397441
25380209649379226024419650074902449696200324068147129710905951193030214025217
25380209649379226024419650074902449696200324068147129710905951194129725652993
25380209649379226024419650074902449696200324068147129710905951195229237280769
25380209649379226024419650074902449696200324068147129710905951196328748908545
25380209649379226024419650074902449696200324068147129710905951197428260536321
25380209649379226024419650074902449696200324068147129710905951198527772164097
25380209649379226024419650074902449696200324068147129710905951199627283791873
25380209649379226024419650074902449696200324068147129710905951200726795419649
25380209649379226024419650074902449696200324068147129710905951201826307047425
25380209649379226024419650074902449696200324068147129710905951202925818675201
25380209649379226024419650074902449696200324068147129710905951204025330302977
25380209649379226024419650074902449696200324068147129710905951205124841930753
25380209649379226024419650074902449696200324068147129710905951206224353558529
25380209649379226024419650074902449696200324068147129710905951207323865186305
25380209649379226024419650074902449696200324068147129710905951208423376814081
25380209649379226024419650074902449696200324068147129710905951209522888441857
25380209649379226024419650074902449696200324068147129710905951210622400069633
25380209649379226024419650074902449696200324068147129710905951211721911697409
25380209649379226024419650074902449696200324068147129710905951212821423325185
25380209649379226024419650074902449696200324068147129710905951213920934952961
25380209649379226024419650074902449696200324068147129710905951215020446580737
25380209649379226024419650074902449696200324068147129710905951216119958208513
25380209649379226024419650074902449696200324068147129710905951217219469836289
25380209649379226024419650074902449696200324068147129710905951218318981464065
25380209649379226024419650074902449696200324068147129710905951219418493091841
25380209649379226024419650074902449696200324068147129710905951220518004719617
25380209649379226024419650074902449696200324068147129710905951221617516347393
25380209649379226024419650074902449696200324068147129710905951222717027975169
25380209649379226024419650074902449696200324068147129710905951223816539602945
25380209649379226024419650074902449696200324068147129710905951224916051230721
25380209649379226024419650074902449696200324068147129710905951226015562858497
25380209649379226024419650074902449696200324068147129710905951227115074486273
25380209649379226024419650074902449696200324068147129710905951228214586114049
25380209649379226024419650074902449696200324068147129710905951229314097741825
25380209649379226024419650074902449696200324068147129710905951230413609369601
25380209649379226024419650074902449696200324068147129710905951231513120997377
25380209649379226024419650074902449696200324068147129710905951232612632625153
25380209649379226024419650074902449696200324068147129710905951233712144252929
25380209649379226024419650074902449696200324068147129710905951234811655880705
25380209649379226024419650074902449696200324068147129710905951235911167508481
25380209649379226024419650074902449696200324068147129710905951237010679136257
25380209649379226024419650074902449696200324068147129710905951238110190764033
25380209649379226024419650074902449696200324068147129710905951239209702391809
25380209649379226024419650074902449696200324068147129710905951240309214019585
25380209649379226024419650074902449696200324068147129710905951241408725647361
25380209649379226024419650074902449696200324068147129710905951242508237275137
25380209649379226024419650074902449696200324068147129710905951243607748902913
25380209649379226024419650074902449696200324068147129710905951244707260530689
25380209649379226024419650074902449696200324068147129710905951245806772158465
25380209649379226024419650074902449696200324068147129710905951246906283786241
25380209649379226024419650074902449696200324068147129710905951248005795414017
25380209649379226024419650074902449696200324068147129710905951249105307041793
25380209649379226024419650074902449696200324068147129710905951250204818669569
25380209649379226024419650074902449696200324068147129710905951251304330297345
25380209649379226024419650074902449696200324068147129710905951252403841925121
25380209649379226024419650074902449696200324068147129710905951253503353552897
25380209649379226024419650074902449696200324068147129710905951254602865180673
25380209649379226024419650074902449696200324068147129710905951255702376808449
25380209649379226024419650074902449696200324068147129710905951256801888436225
25380209649379226024419650074902449696200324068147129710905951257901400064001
25380209649379226024419650074902449696200324068147129710905951259000911691777
25380209649379226024419650074902449696200324068147129710905951260100423319553
25380209649379226024419650074902449696200324068147129710905951261199934947329
25380209649379226024419650074902449696200324068147129710905951262299446575105
25380209649379226024419650074902449696200324068147129710905951263398958202881
25380209649379226024419650074902449696200324068147129710905951264498469830657
25380209649379226024419650074902449696200324068147129710905951265597981458433
25380209649379226024419650074902449696200324068147129710905951266697493086209
25380209649379226024419650074902449696200324068147129710905951267797004713985
25380209649379226024419650074902449696200324068147129710905951268896516341761
25380209649379226024419650074902449696200324068147129710905951269996027969537
25380209649379226024419650074902449696200324068147129710905951271095539597313
25380209649379226024419650074902449696200324068147129710905951272195051225089
25380209649379226024419650074902449696200324068147129710905951273294562852865
25380209649379226024419650074902449696200324068147129710905951274394074480641
25380209649379226024419650074902449696200324068147129710905951275493586108417
25380209649379226024419650074902449696200324068147129710905951276593097736193
25380209649379226024419650074902449696200324068147129710905951277692609363969
25380209649379226024419650074902449696200324068147129710905951278792120991745
25380209649379226024419650074902449696200324068147129710905951279891632619521
25380209649379226024419650074902449696200324068147129710905951280991144247297
25380209649379226024419650074902449696200324068147129710905951282090655875073
25380209649379226024419650074902449696200324068147129710905951283190167502849
25380209649379226024419650074902449696200324068147129710905951284289679130625
25380209649379226024419650074902449696200324068147129710905951285389190758401
25380209649379226024419650074902449696200324068147129710905951286488702386177
25380209649379226024419650074902449696200324068147129710905951287588214013953
25380209649379226024419650074902449696200324068147129710905951288687725641729
25380209649379226024419650074902449696200324068147129710905951289787237269505
25380209649379226024419650074902449696200324068147129710905951290886748897281
25380209649379226024419650074902449696200324068147129710905951291986260525057
25380209649379226024419650074902449696200324068147129710905951293085772152833
25380209649379226024419650074902449696200324068147129710905951294185283780609
25380209649379226024419650074902449696200324068147129710905951295284795408385
25380209649379226024419650074902449696200324068147129710905951296384307036161
25380209649379226024419650074902449696200324068147129710905951297483818663937
25380209649379226024419650074902449696200324068147129710905951298583330291713
25380209649379226024419650074902449696200324068147129710905951299682841919489
25380209649379226024419650074902449696200324068147129710905951300782353547265
25380209649379226024419650074902449696200324068147129710905951301881865175041
25380209649379226024419650074902449696200324068147129710905951302981376802817
25380209649379226024419650074902449696200324068147129710905951304080888430593
25380209649379226024419650074902449696200324068147129710905951305180400058369
25380209649379226024419650074902449696200324068147129710905951306279911686145
25380209649379226024419650074902449696200324068147129710905951307379423313921
25380209649379226024419650074902449696200324068147129710905951308478934941697
25380209649379226024419650074902449696200324068147129710905951309578446569473
25380209649379226024419650074902449696200324068147129710905951310677958197249
25380209649379226024419650074902449696200324068147129710905951311777469825025
25380209649379226024419650074902449696200324068147129710905951312876981452801
25380209649379226024419650074902449696200324068147129710905951313976493080577
25380209649379226024419650074902449696200324068147129710905951315076004708353
25380209649379226024419650074902449696200324068147129710905951316175516336129
25380209649379226024419650074902449696200324068147129710905951317275027963905
25380209649379226024419650074902449696200324068147129710905951318374539591681
25380209649379226024419650074902449696200324068147129710905951319474051219457
25380209649379226024419650074902449696200324068147129710905951320573562847233
25380209649379226024419650074902449696200324068147129710905951321673074475009
25380209649379226024419650074902449696200324068147129710905951322772586102785
25380209649379226024419650074902449696200324068147129710905951323872097730561
25380209649379226024419650074902449696200324068147129710905951324971609358337
25380209649379226024419650074902449696200324068147129710905951326071120986113
25380209649379226024419650074902449696200324068147129710905951327170632613889
25380209649379226024419650074902449696200324068147129710905951328270144241665
25380209649379226024419650074902449696200324068147129710905951329369655869441
25380209649379226024419650074902449696200324068147129710905951330469167497217
25380209649379226024419650074902449696200324068147129710905951331568679124993
25380209649379226024419650074902449696200324068147129710905951332668190752769
25380209649379226024419650074902449696200324068147129710905951333767702380545
25380209649379226024419650074902449696200324068147129710905951334867214008321
25380209649379226024419650074902449696200324068147129710905951335966725636097
25380209649379226024419650074902449696200324068147129710905951337066237263873
25380209649379226024419650074902449696200324068147129710905951338165748891649
25380209649379226024419650074902449696200324068147129710905951339265260519425
25380209649379226024419650074902449696200324068147129710905951340364772147201
25380209649379226024419650074902449696200324068147129710905951341464283774977
25380209649379226024419650074902449696200324068147129710905951342563795402753
25380209649379226024419650074902449696200324068147129710905951343663307030529
25380209649379226024419650074902449696200324068147129710905951344762818658305
25380209649379226024419650074902449696200324068147129710905951345862330286081
25380209649379226024419650074902449696200324068147129710905951346961841913857
25380209649379226024419650074902449696200324068147129710905951348061353541633
25380209649379226024419650074902449696200324068147129710905951349160865169409
25380209649379226024419650074902449696200324068147129710905951350260376797185
25380209649379226024419650074902449696200324068147129710905951351359888424961
25380209649379226024419650074902449696200324068147129710905951352459400052737
25380209649379226024419650074902449696200324068147129710905951353558911680513
25380209649379226024419650074902449696200324068147129710905951354658423308289
25380209649379226024419650074902449696200324068147129710905951355757934936065
25380209649379226024419650074902449696200324068147129710905951356857446563841
25380209649379226024419650074902449696200324068147129710905951357956958191617
25380209649379226024419650074902449696200324068147129710905951359056469819393
25380209649379226024419650074902449696200324068147129710905951360155981447169
25380209649379226024419650074902449696200324068147129710905951361255493074945
25380209649379226024419650074902449696200324068147129710905951362355004702721
25380209649379226024419650074902449696200324068147129710905951363454516330497
25380209649379226024419650074902449696200324068147129710905951364554027958273
25380209649379226024419650074902449696200324068147129710905951365653539586049
25380209649379226024419650074902449696200324068147129710905951366753051213825
25380209649379226024419650074902449696200324068147129710905951367852562841601
25380209649379226024419650074902449696200324068147129710905951368952074469377
25380209649379226024419650074902449696200324068147129710905951370051586097153
25380209649379226024419650074902449696200324068147129710905951371151097724929
25380209649379226024419650074902449696200324068147129710905951372250609352705
25380209649379226024419650074902449696200324068147129710905951373350120980481
25380209649379226024419650074902449696200324068147129710905951374449632608257
25380209649379226024419650074902449696200324068147129710905951375549144236033
25380209649379226024419650074902449696200324068147129710905951376648655863809
25380209649379226024419650074902449696200324068147129710905951377748167491585
25380209649379226024419650074902449696200324068147129710905951378847679119361
25380209649379226024419650074902449696200324068147129710905951379947190747137
25380209649379226024419650074902449696200324068147129710905951381046702374913
25380209649379226024419650074902449696200324068147129710905951382146214002689
25380209649379226024419650074902449696200324068147129710905951383245725630465
25380209649379226024419650074902449696200324068147129710905951384345237258241
25380209649379226024419650074902449696200324068147129710905951385444748886017
25380209649379226024419650074902449696200324068147129710905951386544260513793
25380209649379226024419650074902449696200324068147129710905951387643772141569
25380209649379226024419650074902449696200324068147129710905951388743283769345
25380209649379226024419650074902449696200324068147129710905951389842795397121
25380209649379226024419650074902449696200324068147129710905951390942307024897
25380209649379226024419650074902449696200324068147129710905951392041818652673
25380209649379226024419650074902449696200324068147129710905951393141330280449
25380209649379226024419650074902449696200324068147129710905951394240841908225
25380209649379226024419650074902449696200324068147129710905951395340353536001
25380209649379226024419650074902449696200324068147129710905951396439865163777
25380209649379226024419650074902449696200324068147129710905951397539376791553
25380209649379226024419650074902449696200324068147129710905951398638888419329
25380209649379226024419650074902449696200324068147129710905951399738400047105
25380209649379226024419650074902449696200324068147129710905951400837911674881
25380209649379226024419650074902449696200324068147129710905951401937423302657
25380209649379226024419650074902449696200324068147129710905951403036934930433
25380209649379226024419650074902449696200324068147129710905951404136446558209
25380209649379226024419650074902449696200324068147129710905951405235958185985
25380209649379226024419650074902449696200324068147129710905951406335469813761
25380209649379226024419650074902449696200324068147129710905951407434981441537
25380209649379226024419650074902449696200324068147129710905951408534493069313
25380209649379226024419650074902449696200324068147129710905951409634004697089
25380209649379226024419650074902449696200324068147129710905951410733516324865
25380209649379226024419650074902449696200324068147129710905951411833027952641
25380209649379226024419650074902449696200324068147129710905951412932539580417
25380209649379226024419650074902449696200324068147129710905951414032051208193
25380209649379226024419650074902449696200324068147129710905951415131562835969
25380209649379226024419650074902449696200324068147129710905951416231074463745
25380209649379226024419650074902449696200324068147129710905951417330586091521
25380209649379226024419650074902449696200324068147129710905951418430097719297
25380209649379226024419650074902449696200324068147129710905951419529609347073
25380209649379226024419650074902449696200324068147129710905951420629120974849
25380209649379226024419650074902449696200324068147129710905951421728632602625
25380209649379226024419650074902449696200324068147129710905951422828144230401
25380209649379226024419650074902449696200324068147129710905951423927655858177
25380209649379226024419650074902449696200324068147129710905951425027167485953
25380209649379226024419650074902449696200324068147129710905951426126679113729
25380209649379226024419650074902449696200324068147129710905951427226190741505
25380209649379226024419650074902449696200324068147129710905951428325702369281
25380209649379226024419650074902449696200324068147129710905951429425213997057
25380209649379226024419650074902449696200324068147129710905951430524725624833
25380209649379226024419650074902449696200324068147129710905951431624237252609
25380209649379226024419650074902449696200324068147129710905951432723748880385
25380209649379226024419650074902449696200324068147129710905951433823260508161
25380209649379226024419650074902449696200324068147129710905951434922772135937
25380209649379226024419650074902449696200324068147129710905951436022283763713
25380209649379226024419650074902449696200324068147129710905951437121795391489
25380209649379226024419650074902449696200324068147129710905951438221307019265
25380209649379226024419650074902449696200324068147129710905951439320818647041
25380209649379226024419650074902449696200324068147129710905951440420330274817
25380209649379226024419650074902449696200324068147129710905951441519841902593
25380209649379226024419650074902449696200324068147129710905951442619353530369
25380209649379226024419650074902449696200324068147129710905951443718865158145
25380209649379226024419650074902449696200324068147129710905951444818376785921
25380209649379226024419650074902449696200324068147129710905951445917888413697
25380209649379226024419650074902449696200324068147129710905951447017400041473
25380209649379226024419650074902449696200324068147129710905951448116911669249
25380209649379226024419650074902449696200324068147129710905951449216423297025
25380209649379226024419650074902449696200324068147129710905951450315934924801
25380209649379226024419650074902449696200324068147129710905951451415446552577
25380209649379226024419650074902449696200324068147129710905951452514958180353
25380209649379226024419650074902449696200324068147129710905951453614469808129
25380209649379226024419650074902449696200324068147129710905951454713981435905
25380209649379226024419650074902449696200324068147129710905951455813493063681
25380209649379226024419650074902449696200324068147129710905951456913004691457
25380209649379226024419650074902449696200324068147129710905951458012516319233
25380209649379226024419650074902449696200324068147129710905951459112027947009
25380209649379226024419650074902449696200324068147129710905951460211539574785
25380209649379226024419650074902449696200324068147129710905951461311051202561
25380209649379226024419650074902449696200324068147129710905951462410562830337
25380209649379226024419650074902449696200324068147129710905951463510074458113
25380209649379226024419650074902449696200324068147129710905951464609586085889
25380209649379226024419650074902449696200324068147129710905951465709097713665
25380209649379226024419650074902449696200324068147129710905951466808609341441
25380209649379226024419650074902449696200324068147129710905951467908120969217
25380209649379226024419650074902449696200324068147129710905951469007632596993
25380209649379226024419650074902449696200324068147129710905951470107144224769
25380209649379226024419650074902449696200324068147129710905951471206655852545
25380209649379226024419650074902449696200324068147129710905951472306167480321
25380209649379226024419650074902449696200324068147129710905951473405679108097
25380209649379226024419650074902449696200324068147129710905951474505190735873
25380209649379226024419650074902449696200324068147129710905951475604702363649
25380209649379226024419650074902449696200324068147129710905951476704213991425
25380209649379226024419650074902449696200324068147129710905951477803725619201
25380209649379226024419650074902449696200324068147129710905951478903237246977
25380209649379226024419650074902449696200324068147129710905951480002748874753
25380209649379226024419650074902449696200324068147129710905951481102260502529
25380209649379226024419650074902449696200324068147129710905951482201772130305
25380209649379226024419650074902449696200324068147129710905951483301283758081
25380209649379226024419650074902449696200324068147129710905951484400795385857
25380209649379226024419650074902449696200324068147129710905951485500307013633
25380209649379226024419650074902449696200324068147129710905951486599818641409
25380209649379226024419650074902449696200324068147129710905951487699330269185
25380209649379226024419650074902449696200324068147129710905951488798841896961
25380209649379226024419650074902449696200324068147129710905951489898353524737
25380209649379226024419650074902449696200324068147129710905951490997865152513
25380209649379226024419650074902449696200324068147129710905951492097376780289
25380209649379226024419650074902449696200324068147129710905951493196888408065
25380209649379226024419650074902449696200324068147129710905951494296400035841
25380209649379226024419650074902449696200324068147129710905951495395911663617
25380209649379226024419650074902449696200324068147129710905951496495423291393
25380209649379226024419650074902449696200324068147129710905951497594934919169
25380209649379226024419650074902449696200324068147129710905951498694446546945
25380209649379226024419650074902449696200324068147129710905951499793958174721
25380209649379226024419650074902449696200324068147129710905951500893469802497
25380209649379226024419650074902449696200324068147129710905951501992981430273
25380209649379226024419650074902449696200324068147129710905951503092493058049
25380209649379226024419650074902449696200324068147129710905951504192004685825
25380209649379226024419650074902449696200324068147129710905951505291516313601
25380209649379226024419650074902449696200324068147129710905951506391027941377
25380209649379226024419650074902449696200324068147129710905951507490539569153
25380209649379226024419650074902449696200324068147129710905951508590051196929
25380209649379226024419650074902449696200324068147129710905951509689562824705
25380209649379226024419650074902449696200324068147129710905951510789074452481
25380209649379226024419650074902449696200324068147129710905951511888586080257
25380209649379226024419650074902449696200324068147129710905951512988097708033
25380209649379226024419650074902449696200324068147129710905951514087609335809
25380209649379226024419650074902449696200324068147129710905951515187120963585
25380209649379226024419650074902449696200324068147129710905951516286632591361
25380209649379226024419650074902449696200324068147129710905951517386144219137
25380209649379226024419650074902449696200324068147129710905951518485655846913
25380209649379226024419650074902449696200324068147129710905951519585167474689
25380209649379226024419650074902449696200324068147129710905951520684679102465
25380209649379226024419650074902449696200324068147129710905951521784190730241
25380209649379226024419650074902449696200324068147129710905951522883702358017
25380209649379226024419650074902449696200324068147129710905951523983213985793
25380209649379226024419650074902449696200324068147129710905951525082725613569
25380209649379226024419650074902449696200324068147129710905951526182237241345
25380209649379226024419650074902449696200324068147129710905951527281748869121
25380209649379226024419650074902449696200324068147129710905951528381260496897
25380209649379226024419650074902449696200324068147129710905951529480772124673
25380209649379226024419650074902449696200324068147129710905951530580283752449
25380209649379226024419650074902449696200324068147129710905951531679795380225
25380209649379226024419650074902449696200324068147129710905951532779307008001
25380209649379226024419650074902449696200324068147129710905951533878818635777
25380209649379226024419650074902449696200324068147129710905951534978330263553
25380209649379226024419650074902449696200324068147129710905951536077841891329
25380209649379226024419650074902449696200324068147129710905951537177353519105
25380209649379226024419650074902449696200324068147129710905951538276865146881
25380209649379226024419650074902449696200324068147129710905951539376376774657
25380209649379226024419650074902449696200324068147129710905951540475888402433
25380209649379226024419650074902449696200324068147129710905951541575400030209
25380209649379226024419650074902449696200324068147129710905951542674911657985
25380209649379226024419650074902449696200324068147129710905951543774423285761
25380209649379226024419650074902449696200324068147129710905951544873934913537
25380209649379226024419650074902449696200324068147129710905951545973446541313
25380209649379226024419650074902449696200324068147129710905951547072958169089
25380209649379226024419650074902449696200324068147129710905951548172469796865
25380209649379226024419650074902449696200324068147129710905951549271981424641
25380209649379226024419650074902449696200324068147129710905951550371493052417
25380209649379226024419650074902449696200324068147129710905951551471004680193
25380209649379226024419650074902449696200324068147129710905951552570516307969
25380209649379226024419650074902449696200324068147129710905951553670027935745
25380209649379226024419650074902449696200324068147129710905951554769539563521
25380209649379226024419650074902449696200324068147129710905951555869051191297
25380209649379226024419650074902449696200324068147129710905951556968562819073
25380209649379226024419650074902449696200324068147129710905951558068074446849
25380209649379226024419650074902449696200324068147129710905951559167586074625
25380209649379226024419650074902449696200324068147129710905951560267097702401
25380209649379226024419650074902449696200324068147129710905951561366609330177
25380209649379226024419650074902449696200324068147129710905951562466120957953
25380209649379226024419650074902449696200324068147129710905951563565632585729
25380209649379226024419650074902449696200324068147129710905951564665144213505
25380209649379226024419650074902449696200324068147129710905951565764655841281
25380209649379226024419650074902449696200324068147129710905951566864167469057
25380209649379226024419650074902449696200324068147129710905951567963679096833
25380209649379226024419650074902449696200324068147129710905951569063190724609
25380209649379226024419650074902449696200324068147129710905951570162702352385
25380209649379226024419650074902449696200324068147129710905951571262213980161
25380209649379226024419650074902449696200324068147129710905951572361725607937
25380209649379226024419650074902449696200324068147129710905951573461237235713
25380209649379226024419650074902449696200324068147129710905951574560748863489
25380209649379226024419650074902449696200324068147129710905951575660260491265
25380209649379226024419650074902449696200324068147129710905951576759772119041
25380209649379226024419650074902449696200324068147129710905951577859283746817
25380209649379226024419650074902449696200324068147129710905951578958795374593
25380209649379226024419650074902449696200324068147129710905951580058307002369
25380209649379226024419650074902449696200324068147129710905951581157818630145
25380209649379226024419650074902449696200324068147129710905951582257330257921
25380209649379226024419650074902449696200324068147129710905951583356841885697
25380209649379226024419650074902449696200324068147129710905951584456353513473
25380209649379226024419650074902449696200324068147129710905951585555865141249
25380209649379226024419650074902449696200324068147129710905951586655376769025
25380209649379226024419650074902449696200324068147129710905951587754888396801
25380209649379226024419650074902449696200324068147129710905951588854400024577
25380209649379226024419650074902449696200324068147129710905951589953911652353
25380209649379226024419650074902449696200324068147129710905951591053423280129
25380209649379226024419650074902449696200324068147129710905951592152934907905
25380209649379226024419650074902449696200324068147129710905951593252446535681
25380209649379226024419650074902449696200324068147129710905951594351958163457
25380209649379226024419650074902449696200324068147129710905951595451469791233
25380209649379226024419650074902449696200324068147129710905951596550981419009
25380209649379226024419650074902449696200324068147129710905951597650493046785
25380209649379226024419650074902449696200324068147129710905951598750004674561
25380209649379226024419650074902449696200324068147129710905951599849516302337
25380209649379226024419650074902449696200324068147129710905951600949027930113
25380209649379226024419650074902449696200324068147129710905951602048539557889
25380209649379226024419650074902449696200324068147129710905951603148051185665
25380209649379226024419650074902449696200324068147129710905951604247562813441
25380209649379226024419650074902449696200324068147129710905951605347074441217
25380209649379226024419650074902449696200324068147129710905951606446586068993
25380209649379226024419650074902449696200324068147129710905951607546097696769
25380209649379226024419650074902449696200324068147129710905951608645609324545
25380209649379226024419650074902449696200324068147129710905951609745120952321
25380209649379226024419650074902449696200324068147129710905951610844632580097
25380209649379226024419650074902449696200324068147129710905951611944144207873
25380209649379226024419650074902449696200324068147129710905951613043655835649
25380209649379226024419650074902449696200324068147129710905951614143167463425
25380209649379226024419650074902449696200324068147129710905951615242679091201
25380209649379226024419650074902449696200324068147129710905951616342190718977
25380209649379226024419650074902449696200324068147129710905951617441702346753
25380209649379226024419650074902449696200324068147129710905951618541213974529
25380209649379226024419650074902449696200324068147129710905951619640725602305
25380209649379226024419650074902449696200324068147129710905951620740237230081
25380209649379226024419650074902449696200324068147129710905951621839748857857
25380209649379226024419650074902449696200324068147129710905951622939260485633
25380209649379226024419650074902449696200324068147129710905951624038772113409
25380209649379226024419650074902449696200324068147129710905951625138283741185
25380209649379226024419650074902449696200324068147129710905951626237795368961
25380209649379226024419650074902449696200324068147129710905951627337306996737
25380209649379226024419650074902449696200324068147129710905951628436818624513
25380209649379226024419650074902449696200324068147129710905951629536330252289
25380209649379226024419650074902449696200324068147129710905951630635841880065
25380209649379226024419650074902449696200324068147129710905951631735353507841
25380209649379226024419650074902449696200324068147129710905951632834865135617
25380209649379226024419650074902449696200324068147129710905951633934376763393
25380209649379226024419650074902449696200324068147129710905951635033888391169
25380209649379226024419650074902449696200324068147129710905951636133400018945
25380209649379226024419650074902449696200324068147129710905951637232911646721
25380209649379226024419650074902449696200324068147129710905951638332423274497
25380209649379226024419650074902449696200324068147129710905951639431934902273
25380209649379226024419650074902449696200324068147129710905951640531446530049
25380209649379226024419650074902449696200324068147129710905951641630958157825
25380209649379226024419650074902449696200324068147129710905951642730469785601
25380209649379226024419650074902449696200324068147129710905951643829981413377
25380209649379226024419650074902449696200324068147129710905951644929493041153
25380209649379226024419650074902449696200324068147129710905951646029004668929
25380209649379226024419650074902449696200324068147129710905951647128516296705
25380209649379226024419650074902449696200324068147129710905951648228027924481
25380209649379226024419650074902449696200324068147129710905951649327539552257
25380209649379226024419650074902449696200324068147129710905951650427051180033
25380209649379226024419650074902449696200324068147129710905951651526562807809
25380209649379226024419650074902449696200324068147129710905951652626074435585
25380209649379226024419650074902449696200324068147129710905951653725586063361
25380209649379226024419650074902449696200324068147129710905951654825097691137
25380209649379226024419650074902449696200324068147129710905951655924609318913
25380209649379226024419650074902449696200324068147129710905951657024120946689
25380209649379226024419650074902449696200324068147129710905951658123632574465
25380209649379226024419650074902449696200324068147129710905951659223144202241
25380209649379226024419650074902449696200324068147129710905951660322655830017
25380209649379226024419650074902449696200324068147129710905951661422167457793
25380209649379226024419650074902449696200324068147129710905951662521679085569
25380209649379226024419650074902449696200324068147129710905951663621190713345
25380209649379226024419650074902449696200324068147129710905951664720702341121
25380209649379226024419650074902449696200324068147129710905951665820213968897
25380209649379226024419650074902449696200324068147129710905951666919725596673
25380209649379226024419650074902449696200324068147129710905951668019237224449
25380209649379226024419650074902449696200324068147129710905951669118748852225
25380209649379226024419650074902449696200324068147129710905951670218260480001
25380209649379226024419650074902449696200324068147129710905951671317772107777
25380209649379226024419650074902449696200324068147129710905951672417283735553
25380209649379226024419650074902449696200324068147129710905951673516795363329
25380209649379226024419650074902449696200324068147129710905951674616306991105
25380209649379226024419650074902449696200324068147129710905951675715818618881
25380209649379226024419650074902449696200324068147129710905951676815330246657
25380209649379226024419650074902449696200324068147129710905951677914841874433
25380209649379226024419650074902449696200324068147129710905951679014353502209
25380209649379226024419650074902449696200324068147129710905951680113865129985
25380209649379226024419650074902449696200324068147129710905951681213376757761
25380209649379226024419650074902449696200324068147129710905951682312888385537
25380209649379226024419650074902449696200324068147129710905951683412400013313
25380209649379226024419650074902449696200324068147129710905951684511911641089
25380209649379226024419650074902449696200324068147129710905951685611423268865
25380209649379226024419650074902449696200324068147129710905951686710934896641
25380209649379226024419650074902449696200324068147129710905951687810446524417
25380209649379226024419650074902449696200324068147129710905951688909958152193
25380209649379226024419650074902449696200324068147129710905951690009469779969
25380209649379226024419650074902449696200324068147129710905951691108981407745
25380209649379226024419650074902449696200324068147129710905951692208493035521
25380209649379226024419650074902449696200324068147129710905951693308004663297
25380209649379226024419650074902449696200324068147129710905951694407516291073
25380209649379226024419650074902449696200324068147129710905951695507027918849
25380209649379226024419650074902449696200324068147129710905951696606539546625
25380209649379226024419650074902449696200324068147129710905951697706051174401
25380209649379226024419650074902449696200324068147129710905951698805562802177
25380209649379226024419650074902449696200324068147129710905951699905074429953
25380209649379226024419650074902449696200324068147129710905951701004586057729
25380209649379226024419650074902449696200324068147129710905951702104097685505
25380209649379226024419650074902449696200324068147129710905951703203609313281
25380209649379226024419650074902449696200324068147129710905951704303120941057
25380209649379226024419650074902449696200324068147129710905951705402632568833
25380209649379226024419650074902449696200324068147129710905951706502144196609
25380209649379226024419650074902449696200324068147129710905951707601655824385
25380209649379226024419650074902449696200324068147129710905951708701167452161
25380209649379226024419650074902449696200324068147129710905951709800679079937
25380209649379226024419650074902449696200324068147129710905951710900190707713
25380209649379226024419650074902449696200324068147129710905951711999702335489
25380209649379226024419650074902449696200324068147129710905951713099213963265
25380209649379226024419650074902449696200324068147129710905951714198725591041
25380209649379226024419650074902449696200324068147129710905951715298237218817
25380209649379226024419650074902449696200324068147129710905951716397748846593
25380209649379226024419650074902449696200324068147129710905951717497260474369
25380209649379226024419650074902449696200324068147129710905951718596772102145
25380209649379226024419650074902449696200324068147129710905951719696283729921
25380209649379226024419650074902449696200324068147129710905951720795795357697
25380209649379226024419650074902449696200324068147129710905951721895306985473
25380209649379226024419650074902449696200324068147129710905951722994818613249
25380209649379226024419650074902449696200324068147129710905951724094330241025
25380209649379226024419650074902449696200324068147129710905951725193841868801
25380209649379226024419650074902449696200324068147129710905951726293353496577
25380209649379226024419650074902449696200324068147129710905951727392865124353
25380209649379226024419650074902449696200324068147129710905951728492376752129
25380209649379226024419650074902449696200324068147129710905951729591888379905
25380209649379226024419650074902449696200324068147129710905951730691400007681
25380209649379226024419650074902449696200324068147129710905951731790911635457
25380209649379226024419650074902449696200324068147129710905951732890423263233
25380209649379226024419650074902449696200324068147129710905951733989934891009
25380209649379226024419650074902449696200324068147129710905951735089446518785
25380209649379226024419650074902449696200324068147129710905951736188958146561
25380209649379226024419650074902449696200324068147129710905951737288469774337
25380209649379226024419650074902449696200324068147129710905951738387981402113
25380209649379226024419650074902449696200324068147129710905951739487493029889
25380209649379226024419650074902449696200324068147129710905951740587004657665
25380209649379226024419650074902449696200324068147129710905951741686516285441
25380209649379226024419650074902449696200324068147129710905951742786027913217
25380209649379226024419650074902449696200324068147129710905951743885539540993
25380209649379226024419650074902449696200324068147129710905951744985051168769
25380209649379226024419650074902449696200324068147129710905951746084562796545
25380209649379226024419650074902449696200324068147129710905951747184074424321
25380209649379226024419650074902449696200324068147129710905951748283586052097
25380209649379226024419650074902449696200324068147129710905951749383097679873
25380209649379226024419650074902449696200324068147129710905951750482609307649
25380209649379226024419650074902449696200324068147129710905951751582120935425
25380209649379226024419650074902449696200324068147129710905951752681632563201
25380209649379226024419650074902449696200324068147129710905951753781144190977
25380209649379226024419650074902449696200324068147129710905951754880655818753
25380209649379226024419650074902449696200324068147129710905951755980167446529
25380209649379226024419650074902449696200324068147129710905951757079679074305
25380209649379226024419650074902449696200324068147129710905951758179190702081
25380209649379226024419650074902449696200324068147129710905951759278702329857
25380209649379226024419650074902449696200324068147129710905951760378213957633
25380209649379226024419650074902449696200324068147129710905951761477725585409
25380209649379226024419650074902449696200324068147129710905951762577237213185
25380209649379226024419650074902449696200324068147129710905951763676748840961
25380209649379226024419650074902449696200324068147129710905951764776260468737
25380209649379226024419650074902449696200324068147129710905951765875772096513
25380209649379226024419650074902449696200324068147129710905951766975283724289
25380209649379226024419650074902449696200324068147129710905951768074795352065
25380209649379226024419650074902449696200324068147129710905951769174306979841
25380209649379226024419650074902449696200324068147129710905951770273818607617
25380209649379226024419650074902449696200324068147129710905951771373330235393
25380209649379226024419650074902449696200324068147129710905951772472841863169
25380209649379226024419650074902449696200324068147129710905951773572353490945
25380209649379226024419650074902449696200324068147129710905951774671865118721
25380209649379226024419650074902449696200324068147129710905951775771376746497
25380209649379226024419650074902449696200324068147129710905951776870888374273
25380209649379226024419650074902449696200324068147129710905951777970400002049
25380209649379226024419650074902449696200324068147129710905951779069911629825
25380209649379226024419650074902449696200324068147129710905951780169423257601
25380209649379226024419650074902449696200324068147129710905951781268934885377
25380209649379226024419650074902449696200324068147129710905951782368446513153
25380209649379226024419650074902449696200324068147129710905951783467958140929
25380209649379226024419650074902449696200324068147129710905951784567469768705
25380209649379226024419650074902449696200324068147129710905951785666981396481
25380209649379226024419650074902449696200324068147129710905951786766493024257
25380209649379226024419650074902449696200324068147129710905951787866004652033
25380209649379226024419650074902449696200324068147129710905951788965516279809
25380209649379226024419650074902449696200324068147129710905951790065027907585
25380209649379226024419650074902449696200324068147129710905951791164539535361
25380209649379226024419650074902449696200324068147129710905951792264051163137
25380209649379226024419650074902449696200324068147129710905951793363562790913
25380209649379226024419650074902449696200324068147129710905951794463074418689
25380209649379226024419650074902449696200324068147129710905951795562586046465
25380209649379226024419650074902449696200324068147129710905951796662097674241
25380209649379226024419650074902449696200324068147129710905951797761609302017
25380209649379226024419650074902449696200324068147129710905951798861120929793
25380209649379226024419650074902449696200324068147129710905951799960632557569
25380209649379226024419650074902449696200324068147129710905951801060144185345
25380209649379226024419650074902449696200324068147129710905951802159655813121
25380209649379226024419650074902449696200324068147129710905951803259167440897
25380209649379226024419650074902449696200324068147129710905951804358679068673
25380209649379226024419650074902449696200324068147129710905951805458190696449
25380209649379226024419650074902449696200324068147129710905951806557702324225
25380209649379226024419650074902449696200324068147129710905951807657213952001
25380209649379226024419650074902449696200324068147129710905951808756725579777
25380209649379226024419650074902449696200324068147129710905951809856237207553
25380209649379226024419650074902449696200324068147129710905951810955748835329
25380209649379226024419650074902449696200324068147129710905951812055260463105
25380209649379226024419650074902449696200324068147129710905951813154772090881
25380209649379226024419650074902449696200324068147129710905951814254283718657
25380209649379226024419650074902449696200324068147129710905951815353795346433
25380209649379226024419650074902449696200324068147129710905951816453306974209
25380209649379226024419650074902449696200324068147129710905951817552818601985
25380209649379226024419650074902449696200324068147129710905951818652330229761
25380209649379226024419650074902449696200324068147129710905951819751841857537
25380209649379226024419650074902449696200324068147129710905951820851353485313
25380209649379226024419650074902449696200324068147129710905951821950865113089
25380209649379226024419650074902449696200324068147129710905951823050376740865
25380209649379226024419650074902449696200324068147129710905951824149888368641
25380209649379226024419650074902449696200324068147129710905951825249399996417
25380209649379226024419650074902449696200324068147129710905951826348911624193
25380209649379226024419650074902449696200324068147129710905951827448423251969
25380209649379226024419650074902449696200324068147129710905951828547934879745
25380209649379226024419650074902449696200324068147129710905951829647446507521
25380209649379226024419650074902449696200324068147129710905951830746958135297
25380209649379226024419650074902449696200324068147129710905951831846469763073
25380209649379226024419650074902449696200324068147129710905951832945981390849
25380209649379226024419650074902449696200324068147129710905951834045493018625
25380209649379226024419650074902449696200324068147129710905951835145004646401
25380209649379226024419650074902449696200324068147129710905951836244516274177
25380209649379226024419650074902449696200324068147129710905951837344027901953
25380209649379226024419650074902449696200324068147129710905951838443539529729
25380209649379226024419650074902449696200324068147129710905951839543051157505
25380209649379226024419650074902449696200324068147129710905951840642562785281
25380209649379226024419650074902449696200324068147129710905951841742074413057
25380209649379226024419650074902449696200324068147129710905951842841586040833
25380209649379226024419650074902449696200324068147129710905951843941097668609
25380209649379226024419650074902449696200324068147129710905951845040609296385
25380209649379226024419650074902449696200324068147129710905951846140120924161
25380209649379226024419650074902449696200324068147129710905951847239632551937
25380209649379226024419650074902449696200324068147129710905951848339144179713
25380209649379226024419650074902449696200324068147129710905951849438655807489
25380209649379226024419650074902449696200324068147129710905951850538167435265
25380209649379226024419650074902449696200324068147129710905951851637679063041
25380209649379226024419650074902449696200324068147129710905951852737190690817
25380209649379226024419650074902449696200324068147129710905951853836702318593
25380209649379226024419650074902449696200324068147129710905951854936213946369
25380209649379226024419650074902449696200324068147129710905951856035725574145
25380209649379226024419650074902449696200324068147129710905951857135237201921
25380209649379226024419650074902449696200324068147129710905951858234748829697
25380209649379226024419650074902449696200324068147129710905951859334260457473
25380209649379226024419650074902449696200324068147129710905951860433772085249
25380209649379226024419650074902449696200324068147129710905951861533283713025
25380209649379226024419650074902449696200324068147129710905951862632795340801
25380209649379226024419650074902449696200324068147129710905951863732306968577
25380209649379226024419650074902449696200324068147129710905951864831818596353
25380209649379226024419650074902449696200324068147129710905951865931330224129
25380209649379226024419650074902449696200324068147129710905951867030841851905
25380209649379226024419650074902449696200324068147129710905951868130353479681
25380209649379226024419650074902449696200324068147129710905951869229865107457
25380209649379226024419650074902449696200324068147129710905951870329376735233
25380209649379226024419650074902449696200324068147129710905951871428888363009
25380209649379226024419650074902449696200324068147129710905951872528399990785
25380209649379226024419650074902449696200324068147129710905951873627911618561
25380209649379226024419650074902449696200324068147129710905951874727423246337
25380209649379226024419650074902449696200324068147129710905951875826934874113
25380209649379226024419650074902449696200324068147129710905951876926446501889
25380209649379226024419650074902449696200324068147129710905951878025958129665
25380209649379226024419650074902449696200324068147129710905951879125469757441
25380209649379226024419650074902449696200324068147129710905951880224981385217
25380209649379226024419650074902449696200324068147129710905951881324493012993
25380209649379226024419650074902449696200324068147129710905951882424004640769
25380209649379226024419650074902449696200324068147129710905951883523516268545
25380209649379226024419650074902449696200324068147129710905951884623027896321
25380209649379226024419650074902449696200324068147129710905951885722539524097
25380209649379226024419650074902449696200324068147129710905951886822051151873
25380209649379226024419650074902449696200324068147129710905951887921562779649
25380209649379226024419650074902449696200324068147129710905951889021074407425
25380209649379226024419650074902449696200324068147129710905951890120586035201
25380209649379226024419650074902449696200324068147129710905951891220097662977
25380209649379226024419650074902449696200324068147129710905951892319609290753
25380209649379226024419650074902449696200324068147129710905951893419120918529
25380209649379226024419650074902449696200324068147129710905951894518632546305
25380209649379226024419650074902449696200324068147129710905951895618144174081
25380209649379226024419650074902449696200324068147129710905951896717655801857
25380209649379226024419650074902449696200324068147129710905951897817167429633
25380209649379226024419650074902449696200324068147129710905951898916679057409
25380209649379226024419650074902449696200324068147129710905951900016190685185
25380209649379226024419650074902449696200324068147129710905951901115702312961
25380209649379226024419650074902449696200324068147129710905951902215213940737
25380209649379226024419650074902449696200324068147129710905951903314725568513
25380209649379226024419650074902449696200324068147129710905951904414237196289
25380209649379226024419650074902449696200324068147129710905951905513748824065
25380209649379226024419650074902449696200324068147129710905951906613260451841
25380209649379226024419650074902449696200324068147129710905951907712772079617
25380209649379226024419650074902449696200324068147129710905951908812283707393
25380209649379226024419650074902449696200324068147129710905951909911795335169
25380209649379226024419650074902449696200324068147129710905951911011306962945
25380209649379226024419650074902449696200324068147129710905951912110818590721
25380209649379226024419650074902449696200324068147129710905951913210330218497
25380209649379226024419650074902449696200324068147129710905951914309841846273
25380209649379226024419650074902449696200324068147129710905951915409353474049
25380209649379226024419650074902449696200324068147129710905951916508865101825
25380209649379226024419650074902449696200324068147129710905951917608376729601
25380209649379226024419650074902449696200324068147129710905951918707888357377
25380209649379226024419650074902449696200324068147129710905951919807399985153
25380209649379226024419650074902449696200324068147129710905951920906911612929
25380209649379226024419650074902449696200324068147129710905951922006423240705
25380209649379226024419650074902449696200324068147129710905951923105934868481
25380209649379226024419650074902449696200324068147129710905951924205446496257
25380209649379226024419650074902449696200324068147129710905951925304958124033
25380209649379226024419650074902449696200324068147129710905951926404469751809
25380209649379226024419650074902449696200324068147129710905951927503981379585
25380209649379226024419650074902449696200324068147129710905951928603493007361
25380209649379226024419650074902449696200324068147129710905951929703004635137
25380209649379226024419650074902449696200324068147129710905951930802516262913
25380209649379226024419650074902449696200324068147129710905951931902027890689
25380209649379226024419650074902449696200324068147129710905951933001539518465
25380209649379226024419650074902449696200324068147129710905951934101051146241
25380209649379226024419650074902449696200324068147129710905951935200562774017
25380209649379226024419650074902449696200324068147129710905951936300074401793
25380209649379226024419650074902449696200324068147129710905951937399586029569
25380209649379226024419650074902449696200324068147129710905951938499097657345
25380209649379226024419650074902449696200324068147129710905951939598609285121
25380209649379226024419650074902449696200324068147129710905951940698120912897
25380209649379226024419650074902449696200324068147129710905951941797632540673
25380209649379226024419650074902449696200324068147129710905951942897144168449
25380209649379226024419650074902449696200324068147129710905951943996655796225
25380209649379226024419650074902449696200324068147129710905951945096167424001
25380209649379226024419650074902449696200324068147129710905951946195679051777
25380209649379226024419650074902449696200324068147129710905951947295190679553
25380209649379226024419650074902449696200324068147129710905951948394702307329
25380209649379226024419650074902449696200324068147129710905951949494213935105
25380209649379226024419650074902449696200324068147129710905951950593725562881
25380209649379226024419650074902449696200324068147129710905951951693237190657
25380209649379226024419650074902449696200324068147129710905951952792748818433
25380209649379226024419650074902449696200324068147129710905951953892260446209
25380209649379226024419650074902449696200324068147129710905951954991772073985
25380209649379226024419650074902449696200324068147129710905951956091283701761
25380209649379226024419650074902449696200324068147129710905951957190795329537
25380209649379226024419650074902449696200324068147129710905951958290306957313
25380209649379226024419650074902449696200324068147129710905951959389818585089
25380209649379226024419650074902449696200324068147129710905951960489330212865
25380209649379226024419650074902449696200324068147129710905951961588841840641
25380209649379226024419650074902449696200324068147129710905951962688353468417
25380209649379226024419650074902449696200324068147129710905951963787865096193
25380209649379226024419650074902449696200324068147129710905951964887376723969
25380209649379226024419650074902449696200324068147129710905951965986888351745
25380209649379226024419650074902449696200324068147129710905951967086399979521
25380209649379226024419650074902449696200324068147129710905951968185911607297
25380209649379226024419650074902449696200324068147129710905951969285423235073
25380209649379226024419650074902449696200324068147129710905951970384934862849
25380209649379226024419650074902449696200324068147129710905951971484446490625
25380209649379226024419650074902449696200324068147129710905951972583958118401
25380209649379226024419650074902449696200324068147129710905951973683469746177
25380209649379226024419650074902449696200324068147129710905951974782981373953
25380209649379226024419650074902449696200324068147129710905951975882493001729
25380209649379226024419650074902449696200324068147129710905951976982004629505
25380209649379226024419650074902449696200324068147129710905951978081516257281
25380209649379226024419650074902449696200324068147129710905951979181027885057
25380209649379226024419650074902449696200324068147129710905951980280539512833
25380209649379226024419650074902449696200324068147129710905951981380051140609
25380209649379226024419650074902449696200324068147129710905951982479562768385
25380209649379226024419650074902449696200324068147129710905951983579074396161
25380209649379226024419650074902449696200324068147129710905951984678586023937
25380209649379226024419650074902449696200324068147129710905951985778097651713
25380209649379226024419650074902449696200324068147129710905951986877609279489
25380209649379226024419650074902449696200324068147129710905951987977120907265
25380209649379226024419650074902449696200324068147129710905951989076632535041
25380209649379226024419650074902449696200324068147129710905951990176144162817
25380209649379226024419650074902449696200324068147129710905951991275655790593
25380209649379226024419650074902449696200324068147129710905951992375167418369
25380209649379226024419650074902449696200324068147129710905951993474679046145
25380209649379226024419650074902449696200324068147129710905951994574190673921
25380209649379226024419650074902449696200324068147129710905951995673702301697
25380209649379226024419650074902449696200324068147129710905951996773213929473
25380209649379226024419650074902449696200324068147129710905951997872725557249
25380209649379226024419650074902449696200324068147129710905951998972237185025
25380209649379226024419650074902449696200324068147129710905952000071748812801
25380209649379226024419650074902449696200324068147129710905952001171260440577
25380209649379226024419650074902449696200324068147129710905952002270772068353
25380209649379226024419650074902449696200324068147129710905952003370283696129
25380209649379226024419650074902449696200324068147129710905952004469795323905
25380209649379226024419650074902449696200324068147129710905952005569306951681
25380209649379226024419650074902449696200324068147129710905952006668818579457
25380209649379226024419650074902449696200324068147129710905952007768330207233
25380209649379226024419650074902449696200324068147129710905952008867841835009
25380209649379226024419650074902449696200324068147129710905952009967353462785
25380209649379226024419650074902449696200324068147129710905952011066865090561
25380209649379226024419650074902449696200324068147129710905952012166376718337
25380209649379226024419650074902449696200324068147129710905952013265888346113
25380209649379226024419650074902449696200324068147129710905952014365399973889
25380209649379226024419650074902449696200324068147129710905952015464911601665
25380209649379226024419650074902449696200324068147129710905952016564423229441
25380209649379226024419650074902449696200324068147129710905952017663934857217
25380209649379226024419650074902449696200324068147129710905952018763446484993
25380209649379226024419650074902449696200324068147129710905952019862958112769
25380209649379226024419650074902449696200324068147129710905952020962469740545
25380209649379226024419650074902449696200324068147129710905952022061981368321
25380209649379226024419650074902449696200324068147129710905952023161492996097
25380209649379226024419650074902449696200324068147129710905952024261004623873
25380209649379226024419650074902449696200324068147129710905952025360516251649
25380209649379226024419650074902449696200324068147129710905952026460027879425
25380209649379226024419650074902449696200324068147129710905952027559539507201
25380209649379226024419650074902449696200324068147129710905952028659051134977
25380209649379226024419650074902449696200324068147129710905952029758562762753
25380209649379226024419650074902449696200324068147129710905952030858074390529
25380209649379226024419650074902449696200324068147129710905952031957586018305
25380209649379226024419650074902449696200324068147129710905952033057097646081
25380209649379226024419650074902449696200324068147129710905952034156609273857
25380209649379226024419650074902449696200324068147129710905952035256120901633
25380209649379226024419650074902449696200324068147129710905952036355632529409
25380209649379226024419650074902449696200324068147129710905952037455144157185
25380209649379226024419650074902449696200324068147129710905952038554655784961
25380209649379226024419650074902449696200324068147129710905952039654167412737
25380209649379226024419650074902449696200324068147129710905952040753679040513
25380209649379226024419650074902449696200324068147129710905952041853190668289
25380209649379226024419650074902449696200324068147129710905952042952702296065
25380209649379226024419650074902449696200324068147129710905952044052213923841
25380209649379226024419650074902449696200324068147129710905952045151725551617
25380209649379226024419650074902449696200324068147129710905952046251237179393
25380209649379226024419650074902449696200324068147129710905952047350748807169
25380209649379226024419650074902449696200324068147129710905952048450260434945
25380209649379226024419650074902449696200324068147129710905952049549772062721
25380209649379226024419650074902449696200324068147129710905952050649283690497
25380209649379226024419650074902449696200324068147129710905952051748795318273
25380209649379226024419650074902449696200324068147129710905952052848306946049
25380209649379226024419650074902449696200324068147129710905952053947818573825
25380209649379226024419650074902449696200324068147129710905952055047330201601
25380209649379226024419650074902449696200324068147129710905952056146841829377
25380209649379226024419650074902449696200324068147129710905952057246353457153
25380209649379226024419650074902449696200324068147129710905952058345865084929
25380209649379226024419650074902449696200324068147129710905952059445376712705
25380209649379226024419650074902449696200324068147129710905952060544888340481
25380209649379226024419650074902449696200324068147129710905952061644399968257
25380209649379226024419650074902449696200324068147129710905952062743911596033
25380209649379226024419650074902449696200324068147129710905952063843423223809
25380209649379226024419650074902449696200324068147129710905952064942934851585
25380209649379226024419650074902449696200324068147129710905952066042446479361
25380209649379226024419650074902449696200324068147129710905952067141958107137
25380209649379226024419650074902449696200324068147129710905952068241469734913
25380209649379226024419650074902449696200324068147129710905952069340981362689
25380209649379226024419650074902449696200324068147129710905952070440492990465
25380209649379226024419650074902449696200324068147129710905952071540004618241
25380209649379226024419650074902449696200324068147129710905952072639516246017
25380209649379226024419650074902449696200324068147129710905952073739027873793
25380209649379226024419650074902449696200324068147129710905952074838539501569
25380209649379226024419650074902449696200324068147129710905952075938051129345
25380209649379226024419650074902449696200324068147129710905952077037562757121
25380209649379226024419650074902449696200324068147129710905952078137074384897
25380209649379226024419650074902449696200324068147129710905952079236586012673
25380209649379226024419650074902449696200324068147129710905952080336097640449
25380209649379226024419650074902449696200324068147129710905952081435609268225
25380209649379226024419650074902449696200324068147129710905952082535120896001
25380209649379226024419650074902449696200324068147129710905952083634632523777
25380209649379226024419650074902449696200324068147129710905952084734144151553
25380209649379226024419650074902449696200324068147129710905952085833655779329
25380209649379226024419650074902449696200324068147129710905952086933167407105
25380209649379226024419650074902449696200324068147129710905952088032679034881
25380209649379226024419650074902449696200324068147129710905952089132190662657
25380209649379226024419650074902449696200324068147129710905952090231702290433
25380209649379226024419650074902449696200324068147129710905952091331213918209
25380209649379226024419650074902449696200324068147129710905952092430725545985
25380209649379226024419650074902449696200324068147129710905952093530237173761
25380209649379226024419650074902449696200324068147129710905952094629748801537
25380209649379226024419650074902449696200324068147129710905952095729260429313
25380209649379226024419650074902449696200324068147129710905952096828772057089
25380209649379226024419650074902449696200324068147129710905952097928283684865
25380209649379226024419650074902449696200324068147129710905952099027795312641
25380209649379226024419650074902449696200324068147129710905952100127306940417
25380209649379226024419650074902449696200324068147129710905952101226818568193
25380209649379226024419650074902449696200324068147129710905952102326330195969
25380209649379226024419650074902449696200324068147129710905952103425841823745
25380209649379226024419650074902449696200324068147129710905952104525353451521
25380209649379226024419650074902449696200324068147129710905952105624865079297
25380209649379226024419650074902449696200324068147129710905952106724376707073
25380209649379226024419650074902449696200324068147129710905952107823888334849
25380209649379226024419650074902449696200324068147129710905952108923399962625
25380209649379226024419650074902449696200324068147129710905952110022911590401
25380209649379226024419650074902449696200324068147129710905952111122423218177
25380209649379226024419650074902449696200324068147129710905952112221934845953
25380209649379226024419650074902449696200324068147129710905952113321446473729
25380209649379226024419650074902449696200324068147129710905952114420958101505
25380209649379226024419650074902449696200324068147129710905952115520469729281
25380209649379226024419650074902449696200324068147129710905952116619981357057
25380209649379226024419650074902449696200324068147129710905952117719492984833
25380209649379226024419650074902449696200324068147129710905952118819004612609
25380209649379226024419650074902449696200324068147129710905952119918516240385
25380209649379226024419650074902449696200324068147129710905952121018027868161
25380209649379226024419650074902449696200324068147129710905952122117539495937
25380209649379226024419650074902449696200324068147129710905952123217051123713
25380209649379226024419650074902449696200324068147129710905952124316562751489
25380209649379226024419650074902449696200324068147129710905952125416074379265
25380209649379226024419650074902449696200324068147129710905952126515586007041
25380209649379226024419650074902449696200324068147129710905952127615097634817
25380209649379226024419650074902449696200324068147129710905952128714609262593
25380209649379226024419650074902449696200324068147129710905952129814120890369
25380209649379226024419650074902449696200324068147129710905952130913632518145
25380209649379226024419650074902449696200324068147129710905952132013144145921
25380209649379226024419650074902449696200324068147129710905952133112655773697
25380209649379226024419650074902449696200324068147129710905952134212167401473
25380209649379226024419650074902449696200324068147129710905952135311679029249
25380209649379226024419650074902449696200324068147129710905952136411190657025
25380209649379226024419650074902449696200324068147129710905952137510702284801
25380209649379226024419650074902449696200324068147129710905952138610213912577
25380209649379226024419650074902449696200324068147129710905952139709725540353
25380209649379226024419650074902449696200324068147129710905952140809237168129
25380209649379226024419650074902449696200324068147129710905952141908748795905
25380209649379226024419650074902449696200324068147129710905952143008260423681
25380209649379226024419650074902449696200324068147129710905952144107772051457
25380209649379226024419650074902449696200324068147129710905952145207283679233
25380209649379226024419650074902449696200324068147129710905952146306795307009
25380209649379226024419650074902449696200324068147129710905952147406306934785
25380209649379226024419650074902449696200324068147129710905952148505818562561
25380209649379226024419650074902449696200324068147129710905952149605330190337
25380209649379226024419650074902449696200324068147129710905952150704841818113
25380209649379226024419650074902449696200324068147129710905952151804353445889
25380209649379226024419650074902449696200324068147129710905952152903865073665
25380209649379226024419650074902449696200324068147129710905952154003376701441
25380209649379226024419650074902449696200324068147129710905952155102888329217
